-2.340479031892638284e-01 1.727409995379801944e-01 2.172852897752766688e-01 -3.170869914816865642e-01 -5.848449115130167214e-02 4.357934404057999256e-01 -1.218589707988438769e-01 2.142752850363425221e-01 -6.079049170323509027e-02 -1.227658690484365184e-01
8.476244305751416686e-02 2.702764803753195458e-02 1.926783529389867744e-01 1.096108105111050918e-01 -5.807330154345394409e-03 1.399156537649834664e-01 2.540088828993141701e-01 2.996185120754854547e-02 -2.394462878475007717e-01 -4.322956248486414244e-01
2.038353610320298992e-01 -1.848406652200092759e-01 -3.342081718182113859e-01 1.281431580127034564e-01 -1.769863105741671661e-01 3.629048045121929245e-01 2.954772820078742646e-01 -1.738363914143805089e-01 -4.352051641781401470e-01 1.454819651328119468e-01
7.353285505928014443e-02 -6.066113340174388024e-02 -3.024638260124781763e-01 -2.058501429434040908e-01 4.115664961246313230e-02 -8.770951029593884729e-02 2.410514988744923148e-01 9.291558846107347835e-02 3.996792506942551185e-03 2.332997042124890785e-01
-5.396664890729036684e-02 -2.929806954619430526e-01 -2.101029945561868617e-01 7.288646932430060954e-02 7.217731834530681512e-02 3.301103743648326622e-02 1.486856027896274746e-01 1.683624631989230347e-01 6.244140868330242539e-02 1.455366222209537042e-01
-6.236508450974483087e-02 -3.124189877405840476e-02 2.083050857252787824e-01 -1.042494919459154359e-02 2.704092340690403273e-02 1.334406469753741985e-03 1.469007332564092883e-01 2.702980449346415945e-02 -8.854710427048687049e-02 -1.109378879786975108e-01
-2.380163936579538300e-02 9.605395887145609657e-03 9.706477429735463347e-02 1.612568439056221437e-01 4.378928432593406916e-02 2.132523099131895250e-01 -2.000667534597339314e-01 1.578825830269728614e-01 -1.755788807503536331e-01 -1.265852107081942290e-01
9.124026261062617715e-02 -1.056203889397429735e-01 -2.618072585919797302e-01 2.493799087044725957e-02 9.873092261435426065e-02 3.476832714749509418e-02 -1.125251427497886980e-01 -3.079961301065086213e-02 2.268976578159219160e-01 1.019573515834876730e-03
-1.603187499217228751e-01 -2.642714333107878399e-01 1.770734792453777795e-01 -1.325810980973977093e-01 2.241829932249711221e-01 1.971674477827054517e-01 1.891768416251669305e-01 -4.109492077983328828e-01 3.576230167429388929e-01 -5.624091158524283790e-02
-6.254431111708952384e-02 -7.027631258273173143e-03 -4.869667944230962053e-01 -1.487778386342505643e-01 9.130607659002724918e-02 2.727638779854751894e-01 1.099706554421717719e-01 -2.114315751541136490e-01 3.436679981221410496e-02 2.940081570935357269e-01
-1.106318084745586128e-01 -6.257700492664054759e-02 -9.486116320962833734e-03 -2.931754550081367428e-01 3.707536579094158902e-01 1.736295626296230077e-01 2.302010782366680774e-01 3.185181974310800218e-02 1.453673679168911159e-01 -3.981341412539574631e-01
8.518793371717691548e-03 1.250850014173156832e-01 -5.024043889396493517e-02 -1.213443431408306877e-01 1.842778317255815146e-01 -7.237450427014280319e-02 -1.077024337986334096e-02 8.649946547381263950e-02 1.039427746208069353e-01 -2.184090398284554146e-01
-9.105937626983112709e-03 1.569908929836102973e-01 -1.237492559630787433e-03 -1.056484856953087831e-01 1.037740639211055665e-01 1.291041462193266987e-01 -3.060042724340886894e-02 -3.272208762686414866e-03 -7.188827021312038656e-02 -1.466949005962068231e-01
-9.322612917840546187e-02 -2.766234567348741999e-02 -4.022330429197237822e-02 -1.270779011324412733e-01 5.646423096295249272e-02 7.086602954268890475e-02 2.816222978663564594e-02 3.927761727636925205e-04 1.436365327188841856e-01 2.297625855320601651e-01
-1.182771861286057019e-01 -4.062794103513667904e-02 -7.126904865663202804e-02 2.272634575035896998e-01 -3.272489597379210722e-03 -4.330980006881941791e-02 -7.864730940555450522e-02 6.904809073363177979e-03 1.580703455709732974e-01 6.984922711588414934e-02
-3.544925470747049001e-01 1.766706587005359708e-01 -5.928144536886915256e-02 1.467114872918716048e-02 -3.098098413311002261e-02 1.686556391516125519e-01 4.842481237687316226e-02 -1.413462257408461542e-01 1.673158010636076609e-01 -7.643018776722472485e-02
1.474896247805381755e-01 -2.386990680593295278e-01 -1.735844395744124691e-01 -1.145251878780265686e-01 1.533595921888209097e-02 -2.114261919017315361e-01 2.400499385214316106e-01 -2.010542555312036170e-02 3.065802660399601087e-02 2.396233109190097355e-01
-8.419582208528961220e-02 -8.871999661220464350e-02 -1.506801831249516832e-01 1.707476449939110963e-01 2.329588962203063551e-01 -1.016532149472351709e-01 -9.279224067712138480e-02 9.993221899485231485e-02 -2.404761522384287267e-02 7.134256622338920606e-02
3.517814180075531233e-02 4.620384611359914032e-03 -1.474381259009374390e-01 1.013968670151120660e-01 8.026113640535224858e-02 1.416471394264341710e-01 -1.111744445065413756e-01 8.423597216334212379e-02 7.948919468466000837e-02 8.601708261541758660e-02
-6.834436043772076919e-02 -2.082708958500259222e-01 2.775543802330880938e-01 7.469631299980057648e-02 1.164960389371449134e-01 -2.807522649395395309e-01 3.431305548083724566e-01 -1.899127844648655361e-01 -2.243505006607161845e-01 1.730503419463631509e-01
-2.483604205013480448e-01 -3.726473112733447168e-01 1.866494479903471337e-01 1.909697899855968828e-01 3.670289516502165394e-01 -1.885895827371671801e-02 -3.990322606313377873e-01 6.152055667925315774e-01 -8.006023767530350277e-01 4.156221546533096500e-01
-8.415362908809476128e-02 -1.841110631598061320e-01 6.068942537018754031e-03 2.967844367851583676e-01 -2.754557430963277542e-01 3.311922555753632480e-01 9.101368855429195492e-02 -1.631962191026924414e-01 -2.777869569206479761e-01 2.766192559248016325e-01
-2.790372488970588663e-02 -2.011017359671423560e-02 7.398923787345638992e-02 1.189948740893402718e-01 8.115344920953445479e-03 -1.954768785504731182e-02 -5.896458981729621462e-02 6.617598913108301006e-02 2.156828297314342807e-02 8.873726816210715518e-03
-8.974578434269993299e-02 -1.970860740513096510e-01 4.947371453424136978e-01 -2.310277672202087906e-01 3.779075221245800642e-01 -3.538012683821631921e-01 -2.071120020129043060e-01 2.480495361712294067e-01 -2.730935971273857898e-01 2.170587853578138104e-01
-1.471726217365545986e-01 5.445085906279886062e-02 2.390840303837740710e-02 -1.597529642378055781e-01 -4.439250023472079976e-02 2.572111971758209714e-01 -2.355766549388056685e-02 -2.788251653176466310e-02 1.075028471368637828e-01 2.985984730556184505e-02
1.533671144559631550e-01 -1.623481713093124501e-01 1.822624547603652057e-01 -1.940702634105924695e-01 1.408302835219212568e-01 -6.642741950661384953e-02 1.294009977658319710e-01 -3.128282304899345778e-01 1.634106587112139353e-01 6.666958793465367628e-02
-8.345226404150365984e-02 8.669208442075568288e-02 -6.346464366261911350e-02 1.670381323063238332e-01 2.729709385516642106e-01 -5.924868786062098547e-01 -3.366797770118603039e-01 5.781856757010858661e-02 7.809623855555516969e-02 2.505969175695997864e-01
5.271421285167251364e-02 -1.017974810218828519e-01 2.583037542286630017e-02 2.546641646457660779e-01 -1.055733293407608853e-01 -3.434523093581781650e-01 -2.779676856310756561e-01 -4.394461003793505120e-03 1.483520994585118824e-01 3.260817201635479168e-01
2.191689765498900933e-01 -7.649196822699774745e-02 3.486811535590472050e-02 -1.341781519646961518e-01 -1.714855235148342316e-02 -3.739049062935738688e-01 9.768812894210318620e-03 3.999686866011836206e-01 -2.506682598556969066e-01 7.597822727442204993e-02
3.169607296848168249e-02 -1.172538892786506443e-01 -1.103158507014552897e-01 3.424759718914285878e-02 1.030158652230239030e-01 2.282273153498036722e-01 -3.031138072954955853e-01 3.768535363023247098e-01 -1.325912114843246781e-01 6.828976761647903571e-02
-1.814514874138297984e-01 -1.212432477745590959e-01 -2.303326296827267750e-01 -2.328065441550552783e-01 2.356686643054034247e-01 4.036946531307828434e-01 9.275892194348461794e-02 -9.510198067852164427e-02 3.356804740595074055e-01 3.140225545662279211e-03
1.740131171678096500e-01 1.198558658791976372e-01 1.166428829833459496e-01 1.485838506232609879e-01 -4.638092569128767773e-01 -3.015653119189704578e-01 1.331885467501499609e-01 3.661303088467641326e-02 9.861705613596033482e-02 1.506776700350786202e-01
7.898313770253008459e-02 1.594758395148589414e-01 1.066159538288530967e-01 -2.414177873384752426e-01 -5.523033085297595485e-02 -3.929062828019663223e-01 8.670327649607381670e-02 2.018831241151753664e-01 1.756285212337918566e-02 4.679157068804228568e-03
-3.297890843311944709e-01 -1.846897121171684614e-02 -3.593298740761399213e-01 6.495258745435603664e-01 1.849024838665849421e-02 7.270887321256971347e-01 -1.963045636718870335e-01 -1.953630186733977259e-01 -7.312218825164011893e-01 3.624022555117014099e-01
-2.389582871498091843e-01 6.931510204489919891e-03 2.038411343175130230e-01 3.590366712705674729e-02 5.745202060866437532e-02 4.941310844009638020e-02 5.450025735273748145e-02 2.179060246960283498e-01 1.236292412375202855e-02 -3.422204065116697391e-01
1.012244030373763842e-01 -5.506306775389472469e-02 3.167621883025267815e-02 -1.221851076142138094e-02 -2.039384465427778181e-01 -1.681049500653895509e-02 2.955583603146250682e-01 1.897948243412226621e-01 5.649462287705420312e-03 -2.634446000640304208e-01
-3.980079090330451708e-02 -1.387894822209081308e-02 -8.725754225620172000e-02 2.965617210609116858e-02 -3.294412292349706284e-02 1.392123746451292936e-02 -2.895269398836073163e-02 1.793028587655817185e-01 1.219900889961579998e-01 -1.023632807340801032e-01
1.724815922409196345e-01 -1.511419714812352322e-01 2.806176269651291522e-01 1.230045272075185048e-01 -1.365039837580195869e-01 8.168746957669063141e-03 4.508821490019734868e-02 -8.360067670432327902e-02 1.644102175986454362e-01 -3.994695043418403646e-01
-1.704818301754884025e-01 2.309853377924798723e-01 -5.101788259036936501e-02 2.645127585570856629e-02 1.149552113589138447e-01 -6.704687458342471762e-02 -2.573983405699483210e-02 -2.710070472201548397e-01 2.005591216040539526e-01 1.367633244790992242e-01
-3.236213627338859755e-01 1.040578431490248590e-01 3.193727029697268072e-01 -1.599469706929280144e-01 1.300323800886234215e-03 -2.319646796901011360e-02 1.856991457302724635e-01 -1.952352910394101471e-01 1.074587011406429177e-01 -4.235618160067432941e-02
2.203797639700584843e-01 -1.567442010451653711e-01 -8.541135044396483411e-02 5.631263173612117978e-02 -2.576297700782254618e-01 2.411509297876361924e-01 2.856323258488032701e-01 -3.106054103735322869e-01 4.302089522452841319e-02 -1.706367177641656685e-01
1.333740306920832286e-01 -1.698420869180667370e-01 2.348600018316865379e-01 1.184201211233047862e-01 -3.320308149591017499e-01 -2.188789677704700287e-01 -4.490448625847547753e-02 -5.966879488369570411e-02 -5.792302636839071969e-03 2.698624758006315516e-01
4.786982331445969324e-02 2.344462736761760702e-01 -2.900135871923276154e-01 2.084231477398368337e-01 1.910289009556795647e-01 1.570201273730219560e-01 1.559148154680714896e-02 -2.111701309467009791e-01 -4.942733220663764193e-01 1.645920872919631184e-01
-6.495115197997632095e-02 -5.910702969471370860e-02 -1.141513610898762521e-01 -1.375135969029332994e-01 -1.555518046712691116e-01 1.856632026502090804e-01 -5.208229593980932826e-02 2.209633714824375122e-02 1.974840845451090055e-03 2.992831471259525533e-01
7.522620305627986115e-02 -2.674272273552960044e-01 4.709235589390654841e-02 1.778155013965745657e-01 1.482842359626477917e-02 1.440096501483631095e-02 -2.056804360819401989e-01 -1.943437769199375109e-01 2.114772092483776789e-01 3.987455538416082024e-02
-4.429992169006002900e-02 1.396504388923232587e-01 2.196027005010456612e-01 2.861804932297620785e-01 1.407000782057202526e-01 -4.790151478910346095e-01 -2.074589312241063299e-01 2.172618141326220775e-01 -3.818444808687821573e-02 -1.174821896455329195e-01
-2.403286046076826693e-02 1.569193765341464486e-01 1.000313710094516140e-01 4.071527770306516275e-02 3.034562727218870215e-01 -3.093307988751015647e-01 -1.090582753338913552e-01 8.898390071205317109e-02 -1.844226078863388518e-01 -2.617557293206754787e-01
-1.011669075912262628e-01 -8.237832504191047039e-03 -1.706993921309697335e-02 4.254181648117291714e-02 -5.582603928064476528e-02 8.373936569682416398e-02 1.278353220382348332e-01 -3.209314336482885777e-01 2.393363670479964900e-01 -4.208920754473879922e-02
3.845183059634937894e-02 -2.495505289070435173e-01 5.245708872468757972e-02 -1.226328883360030958e-01 1.190691687539711524e-01 -2.328104944652189742e-02 5.900508642006374767e-03 6.632906123101085794e-02 2.205145046345429183e-01 7.909028982713341149e-02
7.815729077605707009e-02 -8.725253679809376328e-02 8.173833891732913692e-02 2.276448459000858168e-02 1.394263905674881787e-01 2.579766950247852630e-02 -1.345758032525097292e-01 -6.086658246677261082e-03 1.698315310113444054e-01 -2.071024405546065261e-01
7.161848420586634789e-02 8.804515501280207879e-02 1.658708276838985196e-01 -2.895535348906753126e-01 -9.026002177307389240e-02 1.077855670782692232e-01 1.981174131125585380e-01 -3.404343930330903933e-02 1.449561118987179875e-01 -1.289489552211394441e-01
-1.037291339920067001e-01 8.275835780507517780e-02 -3.951081351580844614e-01 -3.591498187855819424e-01 3.901512278369876907e-01 4.743095153476922787e-02 -3.239064631185305937e-02 1.100746223577615673e-01 -1.562277761043674162e-01 3.775767068500803236e-01
-2.017473087397513853e-01 1.994439910155405005e-01 -2.419445999939524305e-01 -1.697345888357951749e-01 1.069519749703454203e-01 2.440296024317084311e-01 1.332242160700892464e-01 -1.149131332116421073e-01 1.888837408762996384e-01 -1.430137200998783387e-01
3.650822629973773936e-02 -1.219670192760884952e-01 6.083337362376245623e-03 7.821727220022535454e-02 1.439897362315671614e-01 8.514496414811881242e-02 -2.626736158034261859e-01 -8.455084382616287475e-03 7.224881672054944692e-02 5.911901173951715494e-02
5.965963516601846539e-02 2.552919530691849254e-04 1.813343745844307742e-02 -9.615800555059857146e-02 -6.254776613930242146e-02 1.566622530680544523e-01 -2.033058271461505445e-02 7.731402869484239881e-02 -1.119186218828634866e-01 -2.746538942078076140e-01
1.179077108282967738e-02 1.957891139969516331e-02 1.125108979703718787e-01 -1.053918383166050771e-01 5.485013944041021959e-03 -1.137166994190206420e-01 7.610497905759955328e-02 3.477020436330809094e-02 1.495243378523651752e-02 1.121696223073268411e-01
2.728799146200445724e-01 -3.884028154217987749e-01 2.552829215800422533e-02 -2.594315040540971506e-01 2.008054076764104467e-01 4.214221996345001581e-02 3.571711363099341896e-01 -2.852220627665244534e-01 2.904504545883126662e-02 -7.397210865120935896e-02
3.260192581847079496e-01 -1.707654051712591547e-01 2.555460263194126586e-02 1.942465466051832290e-01 -4.601335305990354452e-01 2.450950545306405659e-01 -1.290127710306322173e-01 2.213000197639480859e-02 -1.010825717110547389e-01 6.152616674980865979e-02
1.066774784737884035e-01 -2.454326698605320545e-01 1.194048953038435862e-01 2.597002492274836857e-02 -1.358507641818843849e-02 1.022528539994193297e-01 -1.609110222410008173e-01 5.139152666366880035e-02 7.127971607465315163e-02 1.187929170339486855e-02
-1.105145596828570748e-01 1.158182467636481028e-01 5.138983034108750569e-01 3.102172239802458154e-01 -1.796640011481315524e-01 -1.975406925115217455e-02 -3.171210975947060806e-01 2.402237500210129828e-01 -3.139607379836685808e-01 -1.690782672151191213e-01
2.403862219686659848e-02 4.502030319877969866e-01 -1.878367422202014969e-01 -9.631836423849922391e-02 4.247878836054821972e-02 2.254654457030418613e-01 1.249929825542622219e-01 1.365477431320571144e-01 -4.796451083338925669e-01 -8.894184079056681458e-02
-8.267486497896038566e-02 -6.598418309682432814e-02 -2.262062897321332200e-01 -1.220634614458619011e-01 8.600321453041537278e-02 2.197765349484254171e-01 6.605804194805600660e-02 1.594151115187870393e-01 1.529060163284757801e-01 -2.072403186751366477e-01
5.183339323521050229e-02 1.482282892953125097e-01 -1.047204878616047295e-02 2.456161138667063704e-01 -3.039784778890621333e-02 -3.019406971431336933e-02 1.184936163020103433e-01 -5.393690740193313182e-02 -4.100482887172179902e-01 8.736933886084216616e-02
-1.570081134408144938e-02 -1.110830493506536759e-01 4.383313186521628491e-01 -1.103991969459667266e-01 -7.906567167597994272e-02 6.245931620815677043e-02 -1.334358742465076818e-02 -1.307071945317238477e-03 1.539617723497850067e-02 -1.941023411026390477e-01
-4.305872955237976391e-02 4.088353239261376115e-02 -4.015535467748673759e-02 1.009685556984109001e-01 -5.103876440383708218e-02 -1.014261452481570250e-03 -6.180365820320314618e-02 -1.253521847777657738e-01 -3.195545341710118170e-02 1.100934602999330131e-01
-1.934775717702236497e-01 1.028389597237085312e-01 3.778424777478215923e-01 -9.424169106556241904e-02 -9.340777240584037522e-02 2.319872900627244217e-01 -1.269817437686511230e-01 3.181347517004924352e-01 -1.520244311174771268e-01 -3.794798712802954221e-01
-9.310304204168073916e-02 -1.953069639193574236e-01 9.078469788974576071e-02 1.012975210104609392e-01 -3.122949500197819694e-01 2.357275987342719870e-01 -1.752580612487602552e-01 2.413106398975576883e-01 -2.441411651966904697e-02 1.602885181075930365e-01
1.014798107874733263e-01 1.224899300367074118e-01 1.052366933482394226e-02 -1.271020642909044540e-01 -1.357611126440588789e-01 -2.065045938607270315e-01 3.549777000873464150e-01 1.514442657111741419e-01 6.878193020071050878e-02 -2.225777253995254445e-01
-8.937470008922940301e-02 1.497013538207496164e-01 -1.462000159248345865e-01 4.012290945692414401e-01 9.904710467192234802e-02 -3.888412798617755239e-01 2.219099206039885641e-01 -8.799927716948863221e-02 -8.028617164008240714e-02 -4.918201069147248861e-02
-5.180258050952645660e-02 -4.338393203977736201e-02 7.278723559963089229e-02 3.535901396466173963e-01 -3.336894143719646433e-01 1.792518217643290085e-02 -1.850218660501171120e-01 1.596716983570914961e-01 -4.721768165936471306e-02 1.991106672086890295e-01
2.229827944051148980e-01 -1.547416468481505325e-01 4.492185403460043081e-02 1.775861626102478164e-01 -3.478992856154802804e-02 -1.066524830332376272e-01 3.086529634214184581e-01 1.638949992703179689e-02 -1.403734704038451242e-01 -1.906542951712753009e-01
-3.538014206009743035e-03 1.427547263416774626e-01 9.620906365164261925e-03 7.974052438312195790e-02 -1.137431153273002482e-01 -1.465534997430401054e-01 2.142803378069951525e-01 -1.590508152820974130e-01 -6.209583999113706815e-02 9.581630274219336829e-02
-8.095262526630422895e-02 1.851530326273581328e-01 -8.427305339573297471e-02 9.759342447095886719e-02 2.451936906903143254e-01 -7.088699815519590441e-02 -1.908388705809429819e-01 -7.020736652655208687e-02 -3.439955167976678774e-01 2.254520630468665188e-01
-1.748487240278733812e-01 -1.071303192454202829e-01 -1.822638006994785898e-01 -5.226186120694656934e-01 2.415237939675921874e-01 2.555749414150075838e-01 2.921125754268655839e-01 1.283903653713552688e-02 7.697257112009549262e-02 9.497603144504025707e-02
2.854044777592198434e-01 -1.188198917863403728e-04 -9.898359175099714913e-02 -1.013136104739246618e-01 -2.578679440793398281e-01 -1.772840249991348635e-02 -5.051671748882675950e-02 2.608642060046036104e-02 -1.472682673145128684e-01 2.079698399259002350e-01
-6.397753564180262698e-02 -2.621613364065800700e-01 -8.040324138092903861e-02 -1.717610643230834400e-01 -2.638863140253248224e-02 1.783879419412456313e-01 -1.901660156462974816e-01 2.407986085934143705e-01 1.004105797444927867e-01 2.791012515380416614e-01
-3.510052224385729613e-01 1.666588374086036273e-01 1.578780070919035272e-01 1.058204105483144947e-01 -2.610009932248873454e-01 1.548310353741579881e-01 -7.905194624946212945e-02 1.953522262841204116e-01 1.309981635976440462e-01 -1.293511241294463543e-01
-1.430717510428069217e-01 -2.890491663230962405e-02 2.667692457925902039e-01 2.904319884361071802e-01 -5.950183925878228530e-01 1.924590354590308833e-02 -2.377051144532580929e-01 3.072864775767953360e-01 -1.286548356992904540e-01 1.986162523387043910e-01
3.000807399232590100e-01 -2.041473570069397836e-01 3.203612378369072866e-01 -9.106624584912335896e-02 4.546082513921517743e-02 -1.589085904353648993e-01 -1.570183375801299103e-02 -1.870780473739748206e-01 -3.085832365094575147e-01 1.358959377375247024e-01
2.979215209510287579e-02 -2.442740495765241548e-01 1.295932618544164416e-01 -7.046136431381623544e-02 -2.437001911665588050e-01 -2.036839408616793190e-02 3.487181332298586733e-01 -1.925512087620404877e-01 1.451127883615513370e-01 1.024819205903756830e-01
-2.518754956708147419e-01 1.670202095431386480e-01 -1.077666250796318059e-01 1.405299720950873854e-01 -8.953890437605054042e-02 1.275412874204516767e-01 -2.283110453327453354e-03 3.050388643559098223e-01 5.816201902472146329e-02 -4.058255188174456074e-01
-2.333692286692073958e-01 2.314445763499416442e-01 4.335147463934941464e-02 1.203817327696743433e-01 1.004768166651692773e-01 -1.361517808406362828e-01 -1.243372383253879415e-01 1.993653737891239730e-01 -9.099640101077031973e-02 -2.005152890448376468e-01
5.139170000461951854e-02 1.639257991501527345e-01 -1.767747950017575231e-01 1.371295741082479980e-01 3.591166865460430901e-02 -1.637408456686026692e-01 1.144871069457657486e-01 -6.230529191353619857e-03 -8.260630243755953672e-02 4.620926015249407492e-02
-1.167209239753952132e-01 5.401188689820745487e-02 3.127831973899870555e-01 9.168565481811928597e-02 -3.534255631723547397e-01 1.371120870948240589e-01 -2.335862676639710866e-01 -1.155748590049756053e-01 9.911412254590258597e-02 1.695694903806003670e-02
-2.609599109665032557e-02 3.206164252653779800e-01 -4.505095761180559766e-01 -1.112630883863203468e-01 -6.252852284525045601e-02 9.897584133241048299e-02 2.414984972645168315e-01 1.842482476032082095e-01 -2.136479820744771330e-01 6.254887884091500649e-02
-1.556021872440873921e-01 9.221145753067232220e-02 -1.900962099417786710e-01 -9.245565168830087444e-02 -2.466953234177938700e-02 4.991993299346796920e-01 7.760532673630833600e-02 1.059459723635019085e-01 8.490065071232411054e-02 -1.836527032008350158e-01
1.155177726076211386e-01 -1.802455708941584078e-01 -2.681595221720881939e-04 1.264772008430089245e-01 1.295322705634502636e-01 -2.320427536743640828e-01 5.511833763915655049e-02 1.927268551123240414e-01 -1.786470306523575413e-01 9.637564927276254245e-02
-2.220164482040062892e-02 -4.153388407653156589e-02 -5.998495490184566070e-02 5.772705369907653317e-02 -6.114847311078981662e-02 -3.726180015672735102e-02 4.295132083042202398e-02 -1.411826378563756264e-02 -3.175057487416149682e-02 5.121576673350471814e-02
-3.450578097352782758e-02 8.354254700616055296e-02 2.138458205848438876e-01 -2.938624396293244498e-02 -1.890042487871436971e-01 -2.389361800863218643e-01 -4.817122170388468683e-02 -9.191517538013871391e-02 -7.477144995586937348e-02 1.926093598219927872e-01
1.165723217927738531e-01 6.552932288192231391e-02 -5.515888928469971919e-01 9.582730989102855590e-02 1.792697477555084060e-02 1.361521329618664740e-02 1.149974255857013905e-01 1.566483984580467059e-01 2.739132398902225859e-02 1.264548001676960576e-01
-2.280920908482743648e-01 -5.698043868324990935e-02 -9.469180587272768568e-02 -5.981790068579205533e-02 1.184125519617536815e-01 1.392709705435070944e-01 -2.758241620450687104e-01 1.089000852065334507e-01 1.402747736060906969e-01 1.780436330447422444e-01
-1.951117035696674495e-01 -2.440129327978050877e-01 2.534250510560748584e-02 3.932772630464478891e-01 1.516741779764574916e-01 1.584091177601843481e-01 -1.463567154928481773e-01 -4.320069066277930081e-01 2.124396607134403925e-01 -2.827806675398614883e-02
-1.254440942834567640e-01 -2.775356752244646508e-01 1.974030613429844094e-01 3.308061504891776639e-01 -4.210040553201480074e-01 1.015987618460077041e-01 -3.507569574995142991e-01 2.768120271633642826e-01 1.346029122144348777e-01 1.542749717011411836e-01
5.711812036322397486e-03 2.573028996103507438e-02 4.680715107218489379e-01 -4.313610427284446380e-03 -6.559056418228539909e-02 -3.986489541144060123e-02 -1.771609497421092975e-03 -4.984886603052265247e-02 -1.453418281587467442e-01 -1.782650362752866147e-01
-1.321698533876351500e-01 9.996595202068399300e-02 -2.028714335125657645e-02 1.461681772867312601e-01 -1.106739923534885012e-01 5.683644266227598496e-02 -7.952257913066208828e-02 -3.092587320912165705e-02 1.254426015268378936e-01 1.229736529694687094e-02
8.457652309399694979e-02 2.237685246432538355e-01 3.907791933778410193e-02 4.320689214497400177e-02 -6.571301008839393332e-02 -2.635045049157406366e-02 -1.218954357102210173e-01 -2.748317817268068897e-01 2.570711756496663614e-01 1.268351570884850184e-02
1.729802994077274392e-01 1.364455054268838285e-01 6.131444346245667337e-02 -4.947135474567476536e-03 -3.065389659021381386e-01 -4.378738600466931530e-01 -2.367352874699738541e-01 2.353326433186820610e-01 -7.984715792587282132e-03 1.928351629207713247e-01
-9.271887826366646823e-02 1.054759620863619518e-01 1.681492177363694551e-01 -9.721044129722484139e-04 -8.954053764980987595e-02 9.218080869503932420e-03 1.420848446180659475e-01 -1.127864215396037068e-01 2.965299421659537554e-02 -1.984776690377136610e-01
-3.204246711563960535e-03 2.679980620341961273e-01 7.563327056179457164e-02 -2.226887087420320321e-01 -1.486505932428278387e-01 5.419396527576050282e-01 -1.901158135044193898e-01 -3.217815760895671034e-02 -3.946268147503490531e-01 5.674824211570708710e-02
-5.123966429408751549e-02 -1.156932669482465571e-02 1.936328461513492638e-01 1.294207590281857834e-01 -2.190533776791856735e-01 2.647480859847773371e-01 1.682433403777470471e-01 -1.598194256838109950e-01 -9.772742555939839537e-02 4.399675668561391084e-02
-8.662011369095780344e-02 -8.383375322788316764e-02 -1.509867883692665447e-01 2.042989172775143691e-01 9.600068120302576724e-03 -2.384148710976656885e-02 -2.010640241226877289e-01 9.183775797120077855e-02 2.284844836129463694e-02 4.563997350600650788e-02
-1.791964876289319497e-01 6.974656873074305818e-02 -1.126475761695401867e-01 -1.140024235449481060e-01 1.622942741732620320e-01 2.795446843527339964e-01 1.065743803760250269e-02 -1.266264561156015267e-01 -3.141972163928010708e-01 1.020908486120126607e-01
-2.167528237788584819e-02 3.557293765833451360e-01 6.368402335775215362e-02 6.560752787409133979e-02 6.208183986956585798e-01 -3.044799081571480381e-01 -1.772113856429751236e-02 -1.989292293165996206e-01 -1.632339565813771542e-01 -5.207255516643017890e-01
-3.859960616954333928e-02 -1.134156430006801608e-01 -1.714789491429307144e-01 2.725229423881956881e-01 -2.954994307253606678e-01 -4.754430102563123040e-02 1.170063704755745365e-01 2.064056315955736243e-01 -6.238187589124644106e-02 4.761022986419596870e-02
8.791468594255105740e-02 7.030010445559002619e-02 2.745520804835356321e-01 4.562870083729064601e-03 1.098719197149147647e-01 -2.602674438562078141e-01 -2.821621122537891213e-01 2.083302086966524469e-01 -2.409834201203764625e-01 2.092918672977180095e-01
3.375789937024737397e-01 4.955510381630374300e-02 3.685890351848140623e-01 -1.705237490499922903e-01 -3.217536229723048091e-01 -1.650338029539894225e-01 -1.101195676898570897e-01 4.440774000274306244e-01 -3.223256529434290751e-01 -3.145372872879252379e-01
-2.502243348880970331e-01 -8.276533172445867115e-02 -3.226948409839081738e-02 2.346057687436338968e-01 9.701094091000346531e-03 3.249289389471319844e-01 -3.110251387410528645e-01 -1.307656133517756669e-02 2.278303529089077128e-01 -7.412422441458828282e-02
-1.505268868851737663e-01 3.434904654428966864e-01 2.576085698334300012e-01 2.570709208015323766e-01 -1.889179927711700790e-01 7.411101330959715683e-02 -1.535639212278414878e-01 2.824900332174060669e-01 -3.364102815270917368e-01 -3.348233170568047368e-01
-5.799176232345113619e-02 2.540280399273559669e-02 -2.046402995119224744e-01 4.273456711272435871e-02 -1.140200633223640153e-01 1.795405886105627680e-01 1.977649341632447544e-01 3.146838198281511761e-03 -1.042628853432165104e-01 -9.661980099127742694e-02
-1.600572570629663904e-01 3.118599843881254552e-01 3.440987981970535237e-01 -2.977577460750534533e-01 -8.445877608357688082e-02 1.990831225102459023e-01 2.005516302496458958e-01 1.052957448695978626e-01 -4.287438135040839704e-01 -1.822862315661097077e-01
3.962762625328367094e-01 -5.512005534238450383e-02 2.265564851559987991e-01 -1.507335304324627367e-01 -1.380832109358663962e-01 -4.305939751772402957e-02 1.533371124779892847e-01 1.544632869931635843e-01 -7.912552007474013549e-02 -2.988872098517539322e-01
1.563667318306452905e-02 -6.078865820689889621e-02 -1.229122894292753593e-01 -3.749918511307805211e-03 -3.552094535445507462e-02 3.899982877111403401e-02 2.293781587178948204e-03 -2.266193378106891830e-03 9.453606997285843305e-02 1.221023411772576284e-01
2.264001200198663688e-01 -4.824388967052278300e-03 -4.109505063965452482e-02 1.310047960885397378e-01 -5.015767615569295401e-01 5.460543526984194124e-02 -2.396588432070901054e-01 1.355110172528212475e-01 1.438546009350378241e-01 -3.689405663819454728e-02
2.385806780586598730e-01 5.530549134936179473e-02 -1.628289357948509986e-01 -8.412034237042943785e-02 -1.759560259161317974e-01 1.358608357656853338e-01 2.554075363261521306e-02 1.077331259306597566e-01 -3.250421433543543848e-01 1.421363891452153971e-01
1.791103420925462264e-01 1.460780546190003637e-01 -1.901034828987932523e-02 -3.631449709211377261e-03 -7.050594044698750562e-02 4.848059459930418313e-01 5.667848416997963573e-02 6.802839132985497028e-02 -4.339947903328753576e-01 -1.594934030047171492e-01
-9.482527592762451940e-02 1.610034065826255328e-02 5.215457078280710812e-02 -1.758519631590956325e-02 -3.218644873718152360e-02 2.157866175908147721e-01 -3.700417250009843673e-02 1.553441738707566910e-01 -1.399410724140704998e-01 -1.326991263293222090e-01
-4.858091959028237872e-02 7.696984060551066362e-03 3.840552878656736807e-02 -1.312329783326477428e-01 2.955964327343441611e-01 -1.275811783775889219e-01 1.185283337646484206e-03 3.158737305386375982e-01 -4.074605312594394707e-02 -3.763873731385076193e-01
-1.556015095987274277e-01 -1.016590599948757750e-01 -1.255033188017256052e-01 3.409311548499308064e-01 4.021583172288039493e-02 2.718023359077133549e-01 -1.499088503978694420e-01 3.652602010359298941e-03 -1.902518393183678380e-01 9.524588920931846558e-02
-7.516015014143216655e-02 1.450592770826887867e-01 -3.494540103318459767e-01 -8.008456580383378764e-02 -2.430317510768255918e-01 4.221789790423629007e-01 2.699547441372068257e-01 1.516145441689668583e-01 -9.724301695553295988e-02 -1.925032925038545062e-01
3.909326482264995350e-01 -1.224058746431041095e-01 -2.129246381862217111e-02 -4.114604300634674416e-01 -3.121862268488372338e-01 -1.098646283919200578e-01 6.208001510924129190e-02 -1.097501972331536291e-01 5.078667754131143131e-01 -1.013653961066101894e-01
-3.321520728351964880e-02 1.321363294173359508e-02 3.970614654700494600e-02 6.187309376219126550e-02 -1.395031494373311434e-02 -6.249235565818062749e-02 3.669545096319828947e-02 4.679636157693741610e-02 2.201273484849051651e-02 -4.179451629966404388e-03
-2.623020410383195000e-02 -8.595576344772803967e-02 2.661507992436505307e-02 -2.752020656580209806e-02 1.599207843700562459e-01 -2.154377746202660038e-01 4.875222567112347943e-02 -2.375710084906996686e-02 -6.055350400638905006e-02 1.016430072190961237e-01
-1.450917746757865168e-01 -1.059093611654066958e-01 -8.669738107531035909e-02 1.218105478337457859e-01 1.744494640507427696e-01 -2.975178006207038761e-01 -3.531690623505752691e-01 4.079835040025673876e-01 7.267097842163695864e-02 2.049962070696968730e-01
6.488926310199209790e-02 -1.845173958883984319e-02 5.354862598104644100e-02 -4.983750408882756805e-02 1.223137390292089038e-01 -1.862818664318789119e-01 4.568113817022943085e-02 -5.943009201448024720e-02 2.480477119972626307e-02 1.787995569689848074e-01
1.717422994657940849e-01 6.132728914504423368e-02 6.306928066651311393e-02 -1.830033157214236705e-01 -1.174538409828416730e-01 -2.716298395379856401e-01 3.635403242791169359e-02 -6.813603875632069651e-02 1.962564321462619554e-01 -4.721092633011036294e-02
5.897229729187881964e-02 2.170135623670004510e-01 -7.880778582013972522e-02 2.893849905858947857e-01 -2.136123850651180586e-02 -2.535132792275580083e-01 -6.139588920927685489e-02 -4.117854001307745537e-02 -2.775897905943590649e-01 1.376086521178838673e-01
4.235641177582817607e-02 -2.196943201906347842e-01 6.288691366743412231e-04 -2.081246019255720767e-02 7.426934479981968373e-02 6.579088600713946244e-02 -1.611291839790090705e-02 1.295046239512120112e-01 2.144523356338595005e-02 5.742838750114639956e-02
1.302317499941139656e-01 -1.149952056363743036e-01 6.200992883249213140e-03 -1.511516798209822932e-01 8.465867361286716353e-02 -1.926503845778003154e-01 6.243534444934421140e-02 -1.162708156289320449e-01 1.160548579497473198e-01 2.327670335320431161e-01
1.334976922562905732e-01 -1.594231545931262539e-01 2.400068374169882224e-01 -3.576319147688719613e-01 3.183937411778362536e-01 7.261235008058263690e-03 -8.401974677726344043e-02 -2.748044921908387450e-01 2.022759883618108767e-01 1.002641792280286048e-01
7.273563935028960759e-02 7.983106148756984044e-02 -9.675512841259203967e-02 -4.041290072813109500e-04 -1.181356690610540910e-01 -1.951051659064959587e-01 1.916346157843218934e-01 2.658070253546243600e-01 -2.812849843637954539e-01 1.781196602326878264e-01
-3.044261166275428199e-01 2.868260024775944883e-01 -2.183546816811812175e-01 -2.573552728382999533e-01 2.862885249980395841e-01 6.396456771458204627e-02 5.141086333049545848e-02 2.027013128269943565e-01 -1.023623543425951354e-01 -1.356199756227135511e-01
-7.916870342074770750e-02 1.059607873457067556e-01 -4.321547123341362706e-02 1.617265539543003838e-01 2.461732866427404631e-01 -1.015196746333613398e-01 -8.347870081111160830e-04 -3.568411649540639830e-02 -2.067567142457765461e-01 -6.610028987381505461e-02
-2.907927561273935257e-01 2.999213596525050068e-02 6.188422018342766284e-01 8.574854995772673849e-02 -6.029385621427252491e-03 -2.036860623910846657e-01 -1.874176254466637936e-01 1.282538160487355083e-01 3.713002429713590513e-01 -5.678681259841149576e-01
1.335124997775559152e-01 2.304453751593085464e-01 -2.271416401009561936e-01 -2.760020178642226818e-01 -2.758880626395960878e-01 4.662349723303536864e-02 2.259957941941261039e-02 1.138658783513249451e-01 -6.028235469798100266e-02 4.390781619400505598e-01
1.390408891178952777e-01 1.642572325936110800e-01 1.173321946937168486e-01 -2.118602577136033394e-02 -1.938906658297406271e-01 -2.809683672409766242e-01 7.987655697546666711e-02 -1.355414224893878306e-01 2.618711507761567123e-02 1.425024448061737448e-01
-5.617634898226426393e-02 -1.763307291979177571e-01 3.655880108890395830e-01 1.675503977714597539e-02 -3.129201624977198670e-02 2.218970772235023814e-02 -6.659723853866644783e-02 1.854908225303880109e-01 2.150902104322404140e-01 -4.544577271160229470e-01
-1.094554841435159687e-01 -2.292272166130979449e-01 -1.510664381074988682e-01 1.186150612075540095e-01 1.043613427924794390e-01 -5.728439227397025268e-02 -2.308301196640101249e-01 -9.861300020851739012e-02 2.796987079174521051e-01 2.591146007118377281e-01
-2.014846194253013326e-02 -1.890316406469907604e-02 1.119144540506852997e-01 -1.028037109732479193e-01 -1.994623032313834129e-02 -5.352286312374895938e-02 7.068293804527239765e-02 -5.155837123789416832e-02 1.146000941524500522e-01 -8.088043336986697196e-02
-1.947811982116868512e-01 -1.355286956853897773e-01 -1.861274834080607066e-01 1.370685085200733511e-01 -2.081445411622562941e-02 1.670611316966669757e-01 -1.155372386130105664e-02 1.262739654393584543e-01 2.071147346290425906e-01 1.853580448189387150e-02
-2.861996469735379467e-01 2.966658962732540150e-01 -3.386632186966148650e-01 -4.826429417108388797e-01 4.414008312808994083e-01 6.732048572938059694e-02 -5.443913484543336928e-02 -1.770560132340492088e-01 2.915331073119966157e-02 5.442533817168062615e-01
2.421202279635780927e-02 3.033549236845662356e-01 2.193819318462044213e-02 2.530027735480643303e-01 -4.329513027723745633e-02 -3.561132867637279986e-01 -5.419034460906661799e-02 -1.003433620208184218e-01 -7.403066387718726382e-02 9.512201282199679586e-02
1.455696963834622326e-01 -1.974674151295346264e-02 -7.631240450990101065e-02 -9.257101452753521698e-02 -5.039521303426001131e-01 2.373457573922472252e-01 4.106180648899739327e-01 -3.579034196039076465e-01 2.230961544488625492e-01 -9.953923944100673271e-02
-5.241946908849336867e-03 2.126071677800025843e-04 2.149934604922708048e-01 8.693344921588588847e-02 8.303706092080286212e-04 2.858860590672096524e-01 -2.173690375125494068e-01 -1.896947039946059455e-01 -1.961693161342470126e-01 1.285105994988960665e-01
-1.210986942832095181e-01 2.075786682379452547e-02 2.407827198577432160e-01 8.839902920457122504e-02 -4.724324652412435072e-02 -1.470006191284081998e-01 -2.377015840913681774e-02 -2.461627030880530753e-01 1.694366153983594206e-02 1.339074441489871425e-01
5.474636402765230975e-02 -2.868116355852386515e-02 1.388185682816451827e-01 -1.230056816119471791e-01 -1.868363923942310085e-03 1.670674778501733959e-01 -1.089505608023948191e-02 1.990860606072248143e-02 -5.490027080083652311e-02 -6.448155546796874305e-02
2.399797928167269993e-03 -3.637411364039176004e-02 2.078309314182778256e-01 -9.550304940975654078e-03 -1.175695232195738404e-01 -3.149683563582304866e-03 2.173995034766655898e-01 -8.721847944357752347e-02 -1.273318209095304979e-02 -1.351213404315243227e-01
1.092176016088368395e-01 -2.740233000831385768e-01 3.979707752225050688e-01 1.353407781254153119e-01 2.792511645845890955e-01 1.308476247905860090e-01 2.416478296586132279e-01 -2.622845306184143355e-01 -2.834978299759060016e-01 -3.504177801152748017e-01
-2.024160177361486804e-02 8.042251627814275827e-02 1.866994183106405747e-01 2.983700629346580646e-01 -2.405509833759642002e-01 -2.769187766331567269e-01 2.416409041554155035e-01 4.203621004682615153e-02 -1.845521493504202193e-01 1.482647170844030200e-02
1.229790656689051936e-01 -6.604995454864857896e-02 -2.715786292725014262e-02 -6.360826399721128399e-02 6.244316928083189916e-02 -9.209433640333715421e-02 -2.507504480625931398e-02 -2.140331482780667358e-02 -3.822606585608731306e-03 6.124167577631200315e-02
2.877554023781280224e-01 -1.251807400042300733e-01 3.232274081295423707e-01 -6.130569633909905419e-02 -1.652063786675727619e-01 2.270525357894251639e-01 -7.206313806738273708e-02 -8.836374863888715736e-02 -3.433959259698516342e-01 -1.873976983743483316e-01
1.229842117068953022e-01 -3.249864396723719379e-02 1.842847038535584681e-01 9.016925362428537816e-02 -7.489766893146225513e-02 -1.744739234243651294e-01 3.169749680167431583e-02 -1.425318301501787496e-02 -5.284514028777539257e-02 8.355119666674734602e-02
-7.100638782249261982e-02 -4.976054328356244172e-02 -3.607612089463553551e-02 5.768539722267616160e-02 9.055757178707435351e-02 -1.078620994829692648e-01 2.492152128498621722e-02 1.077543559981759269e-01 -2.662827186924920236e-02 -8.027611100020745627e-02
1.627887864080285463e-01 1.467011745071755136e-01 2.153152082255698624e-02 2.365702041467164507e-01 -4.464547710646173395e-01 -1.160418188163941239e-01 -2.227517446004314561e-01 -6.092941505015426334e-02 3.064103418461315564e-02 1.411051489119630742e-01
1.691296566905907683e-01 1.299454304971240926e-01 -1.626229451585906038e-01 2.942225840123832703e-02 1.139281331825058446e-01 -2.800550624152030599e-01 1.898452336553743403e-01 -4.676458731305625088e-02 -1.630473026350246768e-01 7.357767394797956606e-02
-3.480855627004943442e-01 1.344845729237075516e-01 2.304203381486741586e-01 6.749862104616219383e-02 6.372920836959090896e-02 -2.096096105966003820e-01 2.506953387614342388e-01 1.058051659154567309e-01 2.462082453193139842e-01 -3.921959518160977320e-01
-3.812590367213578579e-01 1.504247437618440320e-01 -5.451177954542358976e-03 3.654719586588660585e-01 -3.150443776154778202e-03 2.570390245751630887e-01 -3.405088071655344439e-01 -1.955144917300457585e-01 -1.357325670554273278e-01 9.588773741385757388e-02
-1.082949404837789571e-02 -2.587034367803491830e-01 -2.524597153235363933e-01 7.926447506229516993e-02 1.035463550794735177e-01 1.436675042126313584e-01 -6.872996056893423966e-02 -1.621235960671318366e-01 5.671876321959353623e-02 2.364945954426708463e-01
-4.422301294341648287e-02 -5.496716721973320813e-02 -2.179750058952809322e-01 -1.114725990258880750e-01 2.647318124949633866e-02 1.906200887073419836e-01 7.912608008625987566e-02 2.358224128301183165e-01 -3.612911769720535821e-02 -5.120852123124389893e-02
-1.111631861370278862e-01 6.672848851832323402e-02 2.186939290331993968e-01 -1.551293253824140572e-01 -2.162917013967660673e-02 -4.774262524556111553e-01 1.642888754628148984e-01 1.392683622149123168e-01 3.080034494468967265e-01 -1.073706493256373490e-01
4.027737998943440451e-02 1.562333310941971531e-01 2.835418572048784558e-01 3.863370438985153088e-02 -2.464948873338156654e-01 -1.293355954828192822e-01 -2.507391473265296322e-01 -2.507752557555594231e-01 1.826747323161967973e-01 1.023702672084160908e-01
-1.790284011592957469e-01 -1.554694810201536631e-02 -1.550925700199463353e-01 2.583355386789599195e-01 2.191603734132045178e-01 -3.247741083795208095e-02 -7.571756698490751669e-02 -9.891795762758290311e-02 2.823823543414643623e-03 1.301324893439192720e-01
-6.061078943144359438e-02 1.663397051061270282e-01 5.436848147376088097e-02 2.730218138664599059e-01 -2.271475266792341574e-01 5.071624083237571620e-03 -5.105676402961135951e-02 8.762353873591102738e-03 6.144325550056015106e-02 -1.141794904384416665e-01
4.248764840365534812e-02 4.529009007880777787e-02 3.844964037215906072e-02 7.227258554242073363e-02 -5.855414147739548131e-02 -1.074594898718987113e-01 -3.775129828557044487e-02 -5.658554581769501685e-02 5.931548476329151498e-02 -1.212895956314376938e-02
2.696985586375088007e-01 -6.264750527393547763e-02 3.984867025777111271e-01 -1.054838701588367983e-01 -1.143278628744784781e-01 2.259989595462130393e-02 -1.099868616166846114e-01 2.948182652910206203e-01 -2.926572084433158305e-01 -3.008858256420343102e-01
-2.652280852934245647e-01 2.217957113217805531e-01 2.169746589353016841e-01 -1.979106987024175368e-01 -9.501603424659267605e-02 5.436780779037199141e-01 -2.059231645419933587e-01 3.242603250815886962e-01 -3.451352011099103057e-01 -1.899133303941253903e-01
-6.600117953964416972e-02 -1.847886632070077362e-01 -1.351038333346765430e-01 -5.353146709933895991e-02 1.582687367218426622e-01 -7.146427368847914352e-02 2.159157412601891424e-01 4.123754912432320285e-02 6.520318310876506429e-02 4.396841697784870800e-02
7.138986254756529704e-02 -1.724860920039729961e-01 -1.445986955180856570e-01 -2.654392024938493910e-01 -1.725128767574409805e-01 2.046948125500043236e-01 1.736638799691986312e-01 -1.031866936318883987e-01 2.244590296249519279e-01 7.552957831059388394e-02
3.326170144382559115e-03 2.851036698525948390e-02 -2.893886842101228360e-02 7.532770781942829761e-04 3.711632442285672101e-02 1.623563325872670257e-02 -5.734547474234820245e-03 3.575580958410642246e-02 2.873532278265416087e-02 -4.496143496226040481e-02
2.218165324607280220e-01 9.034242972789423287e-02 2.382893988341286684e-01 1.229628744863533185e-01 -3.432818878998409873e-01 -4.473187552065870376e-01 -2.537573949906216098e-01 2.498596003110150898e-01 6.454725051372307842e-02 1.011105217495490427e-01
-2.430446790456105566e-01 2.367925401303561939e-01 -5.634432862636580552e-02 7.230949996140752234e-02 -7.879178437680639524e-02 -1.756749155936836518e-02 1.180989902166264816e-01 -3.473749409632683749e-01 1.074623028041287315e-01 6.937019548337398922e-02
-2.132868354249778109e-01 4.983462051923939207e-01 -9.751072489337658800e-02 -2.185657355533777435e-01 1.961236659804749538e-01 3.649772867079620342e-02 -6.757826365764117715e-02 2.340055016635041729e-01 -3.451251179607570108e-01 2.572853311552306121e-02
1.676525297701066952e-01 -1.197039265818736903e-01 -3.954295450765354242e-02 -1.984148087428480034e-01 -2.298467385828322218e-01 1.791207504595236366e-01 8.429488423462545843e-02 4.863244804261126347e-02 2.215458262375663290e-01 -3.587419898281654640e-02
-3.866258357457110217e-01 2.398606184787957785e-01 -1.702096893322620208e-01 3.140617630004928773e-01 6.083891319762783911e-02 -1.951973650604359456e-01 2.079255252099692589e-03 -2.578147643039493432e-03 -2.594895531112857007e-02 3.651672770714805422e-02
5.520766445022989161e-02 4.908455416503526014e-01 -3.590044895056712093e-01 1.741919988359982574e-01 1.358978223808885721e-01 7.691226811302642741e-02 4.539989811286436194e-01 -6.192354933876798029e-02 -6.218773995959768763e-01 -3.456769751910562793e-01
1.959423588586568787e-01 2.526087421832483651e-02 1.997667875070632260e-01 -1.662199496418300115e-01 -5.951759988745113084e-02 -8.551536716503871371e-02 -5.944297878774505717e-03 -2.223201650137159868e-01 -1.358252987866619133e-01 2.205256972045416264e-01
-1.240766856267491031e-01 1.221632180611446211e-01 -1.176052754650405291e-01 -1.209981932454628206e-01 -7.499163776972711526e-02 -4.476119045208577091e-02 1.863369958703485207e-01 4.793828254855186238e-02 -5.447074211220682971e-02 -6.436408826088489687e-02
1.263115447915895140e-01 -2.674315186710999326e-01 -2.936472369836204965e-01 -2.464941781901842932e-01 2.651805540360555047e-01 -1.250433518503769048e-01 -5.837107310096099205e-02 2.476324702719735760e-01 1.581768203663762584e-01 2.084417554526231675e-01
-2.164498125317646793e-01 3.337367382852452630e-02 3.585192314249594642e-02 1.431008108534834455e-01 -2.594536333392084559e-01 4.652274850354006230e-01 -3.112255844996296705e-01 -1.788199127627059792e-01 -3.873504897414158012e-03 1.916493407415628125e-01
8.003441103512667909e-02 -2.137584767969032649e-03 1.414741531216142378e-01 -4.932378904319018736e-02 2.265302429679943302e-02 -5.798990286177677783e-02 1.025837333553310665e-01 -2.173770182260476302e-01 4.208834505650124042e-02 -8.940855894608167043e-02
-9.124513829165822876e-02 -4.027588814149703905e-02 -3.364440444803795116e-01 2.533231813390139919e-01 1.670816000990787975e-01 -7.909883232932178598e-02 -3.179141541214398070e-01 3.892819419479073839e-02 2.188058113781128633e-01 1.384517027541004863e-01
-1.630854222813211407e-01 -7.608355327301478954e-02 -6.287238148221130363e-02 4.437558585647786713e-01 1.318214232565782795e-02 6.840516786296546581e-01 -2.630706097510384089e-01 -2.751423282123961478e-01 -3.074098591313432771e-01 -7.596261736436250855e-02
9.852325454194350851e-02 -2.158237624073826300e-01 -3.716719184841418139e-02 1.742364147737303914e-01 -6.432909287326218917e-02 -3.091882616077424543e-03 2.113067819385273105e-01 -2.868726375090487335e-01 3.586399951474191633e-02 -9.440451631151373924e-02
1.628465541829499444e-02 4.073259707778120742e-02 -2.701072865659489008e-01 1.027932258796338816e-01 1.679385157947570206e-01 2.723439738998383736e-02 1.517279426017334974e-02 -1.308365350513689962e-01 -8.237237880488157415e-02 1.058045343203863203e-01
2.074509712554662919e-02 -8.702735323332579098e-02 -1.497619576812804776e-01 1.922243011882285579e-01 -1.216411097555463589e-02 1.580320178356949823e-01 -2.211472747554317220e-01 -1.110043269787221454e-01 2.069575340005269104e-01 2.975402142963272378e-02
9.859371061593196275e-03 1.863146195407220373e-01 -4.165226319440085666e-03 8.786709867598746504e-02 -1.009040230391945459e-01 -1.413951845492252002e-01 1.168767306297521097e-01 1.491915133725300602e-01 -4.206520657243782019e-02 -2.257200433371673587e-01
4.970616592720425442e-02 -2.075314425952828334e-01 -1.057143345931548656e-01 4.822430402075202766e-02 -2.408145814779470983e-01 3.402580203274201964e-01 1.745814442962016488e-01 -3.796217602375446809e-01 9.433674659004290253e-02 1.494851430316106178e-01
2.676454709772919105e-01 -2.268615960091024675e-01 1.991825924895392064e-01 3.245775191066468945e-01 -3.364588253977424670e-01 2.202240652119881181e-01 -8.818716537813591286e-03 -2.785349758713935864e-01 -9.867923194162483980e-02 -1.633231316891998464e-01
1.422485306243526648e-01 -1.667824130194938692e-01 -5.322833155564341695e-02 -1.112305770774666552e-01 8.391059736580913642e-02 1.839012010435405464e-01 3.052875666810344057e-01 1.018219656680333443e-02 1.812158150698184589e-01 -4.425136164115450188e-01
3.118459237132310477e-02 8.458103003228807648e-02 -1.537965132230121323e-01 1.943278788507369348e-01 -2.660304056401292527e-01 -1.191317923729003636e-01 -2.233676708259252353e-01 7.411361060579120530e-02 1.808001568528645464e-01 2.738887876848041247e-01
-1.730736535403282483e-01 6.489866099212827921e-02 -5.014865422012982910e-01 -4.297909114685415921e-01 1.126356128931315370e-01 2.973368388706509324e-01 6.232574513783691733e-02 8.871382922762827139e-02 2.130506086635073626e-01 1.903472100923213339e-01
3.454783375753362473e-01 -1.985515271399592718e-01 3.226329133682220851e-02 -3.850362085256876093e-02 -5.163891887989859875e-01 2.531306390195167677e-01 -3.372685888468109766e-02 1.489344692485944088e-01 -3.953808756919169332e-02 1.206307516300149790e-01
1.269929048877767030e-01 1.893404811899616902e-01 -8.652932847549629769e-02 -9.839124326004725085e-02 -4.268248220650266295e-02 4.756276399724811421e-01 -4.792879803960981705e-02 5.814694149616909946e-02 -3.524488131342056740e-01 -2.149277288253114426e-01
-5.538771731752309413e-02 -1.262178180565268204e-01 -7.326158444602959285e-02 3.675022399408804374e-01 -2.549370094681982502e-01 2.074389311408798564e-01 -3.629246996529506691e-02 2.619073680524974246e-01 -3.463938789912070215e-02 -9.525013374896517185e-03
-2.694645327424266198e-02 1.310047639857767066e-01 1.338251186955133898e-01 1.110823159467126675e-01 3.673610608048084175e-02 -2.583187386019099585e-01 1.692295644876742333e-01 5.182333027816549142e-01 1.721287650112395332e-02 -5.961470004491598029e-01
3.594843362610528614e-01 -2.706605141874033893e-01 2.174688962439988993e-01 -1.061674926906398947e-01 8.000937110295718024e-02 -1.566626451014755950e-01 9.864661540607010115e-02 -4.549736688555248154e-01 3.017761101760449774e-02 2.060614882689676131e-01
-1.158714872653962419e-01 3.748145820515692145e-02 -1.203904256872585917e-03 -3.237400001193773136e-01 1.761014524829611350e-01 -5.003015095302426607e-02 3.532723078588555499e-01 -3.177761477146617830e-01 5.644087699089693488e-02 3.076997115044766487e-02
1.389343933442479251e-01 5.373373528749589983e-03 1.765247635890849348e-02 -8.640959744632656370e-02 -5.454084094471227384e-02 8.480874947418465259e-02 1.978013660895551126e-02 3.864173343686118089e-01 -2.217561570018239947e-01 -3.134814564774890400e-01
1.394604609781836813e-01 -1.308338190318116510e-02 1.472107269301762000e-01 2.880817453925589924e-02 2.505952365906907731e-01 -6.402843673493984200e-01 9.881856472318852058e-04 1.175659838895568299e-01 -2.843476907222751426e-02 1.010296512677757996e-01
-1.522030046767723355e-01 1.787126883290092449e-01 1.001384407461823473e-01 -1.487068025230137425e-01 -1.881370856442428074e-01 4.648086627857796194e-02 2.364681252861133010e-01 1.533692208281021985e-01 -1.976968064740038666e-01 -2.176782959153326369e-01
-1.668685545253555391e-01 -4.431662910532462724e-02 3.548718433672964911e-01 4.850262973985678405e-01 -2.548419872804389905e-02 -1.978798656193005989e-01 -2.119127818494664639e-01 1.703291457794183228e-01 -1.673606247557301308e-01 -3.702632321098976442e-01
8.061398633264872660e-02 3.396545329916696443e-01 1.873004110312692927e-01 -2.561943509388801832e-02 3.019016182359769429e-01 -6.156390026706437535e-01 -1.735831012193969625e-01 1.270266433442675535e-01 2.246362529492807597e-02 -1.511016828766964248e-01
-1.891564313965104493e-01 -8.477258404294502059e-02 2.508350540525896566e-01 5.124426085205814607e-02 1.514458867028066202e-01 7.544486585812860968e-02 1.215446095709436965e-02 -4.099942675647883505e-01 1.885238542513668625e-01 -1.272702646203549282e-01
-9.446170305632153874e-02 1.046041267309193029e-01 7.876502940515751894e-02 4.175057677144556334e-01 6.796938460920501357e-02 -4.150190074050117417e-01 -2.294295883115867463e-01 9.235328659802261031e-02 -5.531862966298830425e-02 8.572433801941485576e-02
1.062875335838716490e-02 3.956431063211227062e-02 9.377179142584200766e-02 1.544079832248137184e-02 1.039747920926388097e-01 -8.000650795717748065e-02 -7.602655204751067319e-02 -3.504192823595702472e-02 -2.439040575971174879e-02 5.865238027038105484e-02
1.424197072867664227e-01 -1.269631515636593655e-01 -1.972596279002081510e-01 -3.445027673042385108e-01 3.702707756748695456e-01 1.110450848858291206e-01 7.165738448507037728e-02 1.214567427032231528e-01 -5.735934578918938653e-02 -1.081095326759544534e-01
1.241994785005107876e-01 -4.191252108296855683e-02 -2.010669492894937710e-02 -1.436022008235710197e-02 3.211226141083369234e-01 -1.935422585964490794e-01 4.438674524733175059e-02 1.223060536817341809e-01 7.592347420327690000e-02 -3.507212263617889292e-01
-8.705497223483123215e-02 -1.372279707470950294e-01 -1.557138550793287224e-01 1.775439163138118059e-01 3.879510525816694255e-02 3.473951590517540544e-01 -1.421464128714363118e-01 -1.548666692047682147e-01 -7.359415032091036479e-02 1.133979599223166601e-01
-4.307227198199477941e-02 4.756116592972663842e-02 4.215890624848356305e-02 4.106495608278417503e-02 -1.437698818574490583e-03 -3.200901219801488562e-02 -2.531440168677761074e-02 3.754515449440889996e-02 5.729315572739046569e-02 -5.301239497353755353e-02
3.418421936291528990e-02 1.355280816361358331e-01 9.532734785769515773e-02 -1.448484790537770128e-01 -1.228925627134749149e-01 2.999980298235490131e-02 -9.735659894869015674e-02 5.752123467882220842e-01 -1.434255114365406980e-01 -3.577341384038335015e-01
9.854478249765769027e-02 -8.434920587563134176e-02 -2.604456382045561291e-01 8.935415124417214749e-02 -4.332541847693400366e-02 -4.851311662499281641e-02 1.829795819931518686e-01 4.683585917641989310e-02 -1.012163441357203097e-01 1.742625813170421145e-01
-1.739597463031939961e-01 8.729289267035471311e-02 2.105272722131572294e-01 1.442659900433825859e-01 -1.910492176328662528e-01 -6.683768365472171624e-02 7.779739475348211586e-02 -3.725203611566635375e-01 3.450702348827993649e-01 -1.806184778522464673e-01
1.496931036850543684e-01 -1.059591126030698383e-01 6.886797912947587030e-02 1.266120227729931325e-01 -1.711566537616699690e-01 7.435855266292520915e-02 -3.589971379005310603e-01 3.428048326995832285e-01 -9.621922676688245135e-02 7.329503044663969805e-03
2.713146843362549965e-01 3.532229628350949668e-01 -1.723495894133070527e-01 -1.787910270168611634e-02 -5.065334451963796059e-02 1.206598477106391037e-01 5.890717367841045993e-02 2.344834080278487276e-01 -4.475302358009733417e-01 -3.217246398929397011e-01
-3.639557938172811591e-01 8.303422855108971712e-02 8.864863995068443525e-02 -3.908067076172934695e-01 4.943627939789251025e-02 2.032287203827968791e-01 3.251803021268851596e-02 -2.375102151280779061e-01 4.378089034353923048e-01 1.268209079632456188e-02
2.693890942427481505e-01 -2.425687135717291831e-01 -1.549957467793776078e-01 -1.875032855442402002e-01 3.514640743644729948e-02 2.140975095834497244e-01 -2.570184421493675389e-02 -6.752063450872035355e-02 2.321580383294119532e-01 8.887967723140284548e-02
2.800193679492266052e-01 -3.013836183397266000e-01 4.250570801377628327e-01 2.886127309736066793e-01 -4.827004870677149007e-01 1.787289619545495978e-01 -2.761874977089299743e-01 3.784317518915938233e-02 2.087908174611753931e-01 -2.420458719754362831e-01
-2.850298008442985268e-02 -9.503861210848002505e-02 1.084077149653084465e-01 1.459122833154733179e-01 -1.948694888373334322e-01 9.841855753362062365e-02 -4.292386144364917500e-01 3.010679458126210191e-03 2.698729363011780902e-01 1.849113164755441241e-01
-3.238211615370051866e-01 1.489344370141144347e-01 -3.263789769332035018e-01 2.299196549813621870e-01 1.085707541094484280e-01 2.857457019511330243e-01 -2.074618680664644943e-01 -3.859505076300405735e-01 1.959275897697459745e-01 2.429145547476218026e-01
-2.578707871865810186e-01 1.808272644269318385e-01 -8.376734475609234898e-02 2.428569659861238433e-02 -2.329098414159227245e-03 -1.331228327016890367e-01 -1.902959244595974209e-01 -8.051246538888912063e-02 1.740914410585749639e-01 1.383810154869498932e-01
1.510212124499649700e-01 2.594644648400750708e-01 -1.435248078113451897e-01 -3.906395468811808547e-01 3.530743462598338045e-01 -1.252813117081458538e-01 -1.826983881917484259e-02 2.367933085013073161e-02 -2.955067647645634454e-01 2.299963766714370195e-01
1.988999442669786011e-01 1.390276082259360620e-02 -2.111850288637590334e-01 1.517066564956738306e-01 -2.362395703099868793e-01 1.294905915479244163e-01 4.248586294036179462e-02 5.448610114721926835e-03 -2.793703038801705150e-03 -1.353189878966636617e-01
2.173833382941354475e-01 -1.885416215543631591e-01 4.394748085285478112e-01 -5.232426362001055264e-02 1.791085908750325306e-01 -7.692342872707483292e-02 2.714050363448088921e-01 1.246024725780614864e-02 -2.085617156712396558e-01 -4.954043763297049097e-01
-1.571344838771060459e-01 7.378288449373147928e-02 1.329563098306704438e-01 1.526750164819471178e-01 -3.906159943343952001e-01 5.730039960476462219e-02 -1.557764460958139252e-01 5.740726179666609530e-02 1.979983141069085184e-01 -1.265871628584472885e-01
-2.332343371663359588e-01 7.374642993890098697e-02 1.594160950764017537e-02 2.099942432600837572e-01 -1.672318977316521460e-01 2.274265790050209179e-01 -2.335060761611912339e-01 1.482261433246467586e-01 -1.445409728627106323e-02 -2.318592039361027091e-01
-1.519552819724193926e-01 -1.481826605642114214e-01 -1.801778560045366184e-01 5.180847376739874249e-02 -3.142107372797233733e-01 5.661085538763233060e-01 5.810562990410521322e-02 1.950739184689641581e-01 -1.056432052180115017e-01 -6.635409631097040351e-02
-2.796152950338267051e-01 1.485122330925262857e-01 1.017656239087889880e-01 1.860625647502039404e-01 -1.303463390440489644e-01 -5.153674407327677592e-02 -7.890762656452399160e-02 3.087410928595173409e-01 1.978413309668252129e-01 -4.758028402940146506e-01
-4.619891941245648365e-02 6.866554041896576199e-02 2.998909791027077332e-01 1.717768090104762335e-01 -3.521289260601833671e-01 -5.349181228141084744e-03 -2.049457226408770150e-01 -1.920682462181200478e-01 1.983170701130510527e-01 2.150555345849265720e-01
-4.877684562090028875e-02 7.144784446837527947e-02 1.012900691008264686e-01 -7.317288233965659264e-03 -1.572917559437027601e-01 9.363625067762616772e-02 5.145342419749283219e-02 -1.069896125017377325e-01 9.663967475233065096e-02 1.737047684417882543e-01
6.957683697424198177e-02 -1.883205137612166402e-01 1.235182124992284941e-01 1.425181795088887038e-01 1.263657060555462286e-01 1.821501494695045853e-01 9.516035515505082143e-02 -1.665633315758552058e-01 -1.055857855308084819e-01 -2.585031416173905749e-01
-2.960796656240592684e-02 4.730580600115553980e-02 2.493187166664276311e-02 -7.300891942269624457e-02 1.492781289625693952e-01 -1.459714367956243264e-01 -8.345341319986623874e-02 -5.835208587571626138e-02 1.367925178082013693e-01 -1.874448084202981757e-01
5.595566409786512790e-02 -1.165620255466311567e-01 6.709738448896816754e-02 9.837237776662706434e-02 -1.979227855184615970e-01 -1.432559822516987491e-01 -1.293769897163147831e-01 1.061139855569094743e-02 -3.528927677745702374e-02 3.315133120665940680e-01
1.111063088239947899e-01 -2.522147634430597085e-01 3.168230401063591023e-02 5.456461595640413331e-02 7.259698574500647594e-02 -5.405728885844630210e-02 -2.222418781522140507e-01 2.501223836808034173e-01 1.612036187245755314e-01 1.411212703061636708e-01
-2.646152265376882640e-01 2.187738124710378596e-01 -2.107743672376176935e-01 -1.601935250150985923e-01 3.173583009094513296e-01 -1.820543387679534122e-02 -4.351310975146644999e-01 1.442533469883260644e-01 2.155506435436219462e-02 2.683125922841940181e-01
-2.102512925656280229e-01 3.150949022380064579e-01 3.485294452006566512e-01 4.832610259295879729e-01 -1.157368822027144209e-02 -1.913667611505655286e-01 -2.262980623946694303e-01 3.902458564183158285e-01 -3.611138829521319815e-01 -5.648092240637876404e-01
-6.806726959947455302e-02 1.141368312664636925e-01 2.031975121289065767e-01 -5.033478240566491291e-01 1.493748494754160716e-01 6.107698498554249046e-04 4.862475719113488332e-02 1.575052631286226745e-01 8.972250716009917693e-02 -1.456545437099513937e-02
5.551151531126312030e-04 -1.253043983742155310e-01 4.274775567191474446e-01 -9.043217985250760760e-02 1.158851656362743371e-01 1.954667834042617958e-01 -4.003682190542278141e-01 3.456772357648033728e-02 -5.288353720457943385e-01 3.440200921167046455e-01
-1.773553610424156157e-01 9.049288658616605474e-02 2.597707126515693687e-01 3.050032311954940512e-01 1.673783177002539091e-01 -3.111337439281601780e-01 -1.817167595473775932e-01 -8.303372904854772196e-02 -4.302834711671010143e-02 -7.275735325082428873e-02
4.695245694887217186e-02 -8.121495030478777244e-02 3.803821255736330315e-02 2.032658057007640517e-01 -2.432911712213007421e-02 -2.493171078442882604e-01 -6.806493489493103954e-02 8.662904530728211816e-02 1.995557063165698808e-01 5.750149991853683445e-02
-3.229330118430802088e-01 4.159011399676014742e-01 4.187025680460039201e-01 -4.145809823534680749e-01 -5.862822141991310548e-02 6.335769436205096472e-02 1.154677561408674474e-01 2.825584862147206833e-02 -1.436171606525640798e-02 -1.946649077255682980e-01
-1.152483830939892151e-01 2.480994678992385141e-02 7.863237994921715157e-02 -1.671952511342474634e-01 1.660035197046867972e-01 4.396765758882190123e-02 -4.701687558217736151e-02 -6.804892560091582721e-02 5.737270670514139914e-02 5.205112128158515677e-02
4.782507242624776944e-02 1.070685811994373793e-01 1.026828684883157317e-01 -5.712570659909790155e-02 1.133283490661587678e-01 -2.541504842139594156e-01 -1.167636468464123556e-01 1.119254083823226775e-01 1.587391919046994559e-01 -1.547036626419610872e-01
-1.900748809872792877e-01 1.538449953498296219e-01 1.754171849540566430e-01 2.052045335018645722e-01 3.830111671842786197e-02 1.580996367238057462e-02 -1.679107959082522528e-01 -2.769547685474305423e-02 1.053952828352216903e-01 -2.203914675343057461e-01
-5.248706671603135809e-02 1.682274260931365117e-01 -3.151878261611243959e-01 -1.747913728906756448e-01 3.235088382221326664e-01 2.715134003156591813e-01 -3.195509680140232872e-02 -1.577437348958274019e-02 8.892580184362763873e-02 -1.809023146045479480e-01
2.204727040047592748e-02 8.132734410387336063e-03 -3.794153924974879005e-03 5.330778367446204619e-02 4.111065833901623306e-02 -3.130822565458347279e-02 -5.365137167863463091e-02 -4.587716496879506306e-02 1.420009489133711861e-02 4.799695328915332126e-02
4.031525008195663978e-02 -8.187487422128396364e-02 4.062997190928536485e-03 -3.825339117374819409e-02 -7.421739485847862750e-02 2.065047621978406689e-02 2.785496578578230617e-02 -2.544183839579716722e-02 2.226920509061207018e-02 3.445167430435942812e-02
-1.711666052032360386e-01 -3.284932585238364289e-01 1.083774935241981763e-01 -1.387503491857122184e-01 3.358255395966858736e-01 -1.555832321246113648e-01 -1.101921907988463040e-01 1.668182334746234896e-01 2.112464670532605837e-01 2.108756746427553064e-01
1.547759567473517769e-02 -2.797954308623922318e-02 -1.512369853729738089e-01 -1.614422666704805054e-01 5.055800926287875446e-02 -1.572875296217871310e-01 3.433739269111838466e-01 -1.256970770644352253e-01 1.377693517316198601e-01 4.800791794944148788e-02
2.498765421528460762e-01 -1.118847740005727148e-01 2.071516198362841066e-02 -6.381405156455892229e-03 8.367869375886970162e-02 1.412438946983009258e-01 7.121126265894515972e-02 -3.461105602656660007e-01 2.721658214649288476e-01 -2.204916873344696937e-01
2.417117288521340168e-01 -5.515440112777151432e-02 -6.401106745303643264e-02 -5.278066079452106707e-02 -9.457317974081690115e-02 6.477213015281416131e-02 2.551809927559935409e-01 -8.410621455553635162e-02 -1.930620604739650137e-01 -6.397250608726848253e-02
4.410935678695043251e-03 5.413265771106252899e-02 1.897464675566260233e-03 7.577149303690261517e-02 -1.396525752977823519e-02 9.736067935760787939e-02 -9.151058241060568144e-02 2.041607478526316632e-01 -1.397488606692650348e-01 -2.235804876839048438e-01
-1.229872407206538815e-01 -5.623761498037909562e-02 2.480469333741593396e-01 2.684131959475742971e-02 8.019840049761567391e-02 -3.001389824377856952e-01 -1.813503816098072652e-01 2.206492732376031385e-01 -1.077334477799452433e-01 2.086213221354360492e-01
-9.195699401331881850e-02 1.785849768957513961e-01 3.734458066567590828e-01 -3.384918177340510703e-01 -1.834691697443839031e-01 -3.235898072541316117e-01 4.338265274046723685e-01 2.390928703937017785e-01 -3.244831531360575783e-01 3.577519338793477832e-02
-3.459194206180822573e-02 -2.032686332954682651e-01 -1.112737115698281820e-01 3.699860131821267051e-02 -1.075905813465985461e-02 8.189401764932695282e-02 4.564528242397252605e-02 -1.083512746999850951e-01 -6.191325879885248122e-03 2.179834158518870468e-01
-8.300416656355025236e-02 1.942124196611867415e-01 -4.165159652655470723e-01 2.518724648766396679e-01 -3.576495286496436665e-01 2.217881289318635318e-01 1.192214836500490351e-02 1.946418318387050927e-01 -7.556332148937460261e-03 2.227654993605142908e-01
7.401820818661849176e-03 -1.086312119065768605e-01 1.112661103179396760e-01 2.648429422399538602e-01 -1.402464097216399308e-01 1.553862927126515026e-01 1.735948757809582799e-01 -2.568106490758634286e-01 -5.252008928205376126e-02 -2.811700196767464854e-01
4.963002663935564551e-02 -2.524705273619596776e-02 -1.062949275878437849e-01 1.155152894202576414e-01 2.312029770917367263e-02 1.913493374132027580e-01 -1.141834377603234557e-01 -2.925222485197532807e-01 3.137860877821337380e-01 -1.255825625872298290e-01
